<?xml version="1.0"?>
<opencv_storage>
<T_base_cam type_id="opencv-matrix">
  <rows>4</rows>
  <cols>4</cols>
  <dt>d</dt>
  <data>
    0.710765199582998 0.66860529505446453 -0.21858588812380678
    919.90698798763628 -0.34934458041704303 0.6052260333276358
    0.71530400020951623 -333.46936250116721 0.61054991212429233
    -0.43205139509973567 0.66374723863635854 430.54040839138253 0. 0. 0.
    1.</data></T_base_cam>
</opencv_storage>
