<?xml version="1.0"?>
<opencv_storage>
<T_base_cam type_id="opencv-matrix">
  <rows>4</rows>
  <cols>4</cols>
  <dt>d</dt>
  <data>
    0.11541339260338623 0.98555225891486242 -0.12396166244282353
    -0.09628809794374113 0.55662242150422303 0.039192986021634235
    0.82984058091026314 -0.53592180032094205 0.82270968675867162
    -0.16477455748543196 -0.5440570893931338 0.19160506413117401 0. 0.
    0. 1.</data></T_base_cam>
</opencv_storage>
